5 6 7 10 11 14 15 16 17 20:364:4 36 -10 17 14 3 41 1 49 39
2 3 6 7 9 11 20 21 22 24:314:-3 -41 -31 0 -50 1 17 -6 46 -22
2 3 4 5 6 12 14 16 18 22:216:-22 -24 -11 44 -33 19 43 1 -23 28
3 4 8 11 15 17 18 19 21 23:226:-43 -21 -22 -33 16 4 -7 -50 29 -7
4 6 7 13 14 17 18 21 24 25:323:-39 -24 32 41 -36 -12 43 -31 2 11
6 7 9 10 12 15 18 19 24 25:453:33 -17 -48 -24 17 47 -20 -9 -22 -18
2 3 5 10 13 14 15 18 21 24:465:40 -23 -41 15 39 -10 19 50 23 38
2 3 4 7 8 9 15 16 17 19:266:10 -13 10 2 36 9 39 6 12 -9
6 7 14 15 17 19 20 21 22 23:378:-26 -12 -43 -3 -29 20 13 26 -4 -18
2 3 6 7 9 11 17 19 20 24:228:-25 5 24 -34 20 -21 9 -43 41 -37
5 8 9 12 13 15 16 17 22 25:422:9 36 -12 28 17 7 50 -48 -8 32
2 3 7 10 12 13 20 22 23 25:328:44 27 43 -18 -48 -2 43 29 40 17
3 4 6 11 17 18 19 20 24 25:307:-24 46 -23 42 34 -44 18 -36 24 32
2 3 4 7 10 12 16 20 21 24:327:7 17 25 40 39 27 13 -43 25 17
4 5 6 8 9 11 17 21 22 23:336:-34 -49 -49 13 13 42 -41 16 8 -45
3 4 9 11 14 18 19 21 22 23:424:43 -36 -48 17 -5 22 -48 -9 -44 -28
2 3 4 7 10 17 18 19 20 24:381:18 3 -7 1 24 -14 33 15 18 34
2 3 4 7 10 11 12 13 17 20:477:41 0 5 44 26 -8 -19 43 17 -5
2 4 8 9 11 12 15 16 18 21:477:-24 44 -19 8 21 -20 -12 -49 18 -15
5 6 7 9 11 12 19 20 23 24:222:-7 -11 21 -10 34 48 -2 -30 -14 -11
2 4 8 12 14 16 17 18 20 24:225:2 20 -7 45 -44 23 16 -4 31 -20
6 7 8 11 13 15 17 22 23 25:496:32 -14 -30 40 -35 32 4 -7 30 -34
2 6 10 12 14 20 21 23 24 25:371:48 1 -4 -32 25 -14 -41 36 -46 30
7 10 11 12 14 17 18 20 21 25:455:35 45 43 -5 -28 13 -9 -17 -32 -12
2 5 6 7 8 9 20 22 23 24:446:-9 -29 -39 31 46 15 -40 45 37 -23
4 6 7 10 15 18 21 23 24 25:390:-12 17 -46 -31 5 14 20 28 -48 -4
4 5 9 11 12 17 18 19 22 23:313:-38 19 4 -28 48 -50 29 -7 12 -49
4 5 6 10 11 13 15 20 21 24:291:-48 -21 31 30 -32 -38 -43 -25 -30 -39
4 5 7 12 13 14 15 18 20 24:254:-12 3 -39 -27 -5 -10 7 -2 38 -20
2 3 4 6 11 12 14 22 23 24:330:17 -1 43 25 27 5 19 -39 39 15
6 8 9 13 14 15 16 21 22 25:250:16 -13 45 29 -44 -28 32 -13 -48 -43
3 6 7 12 14 17 18 21 22 23:474:-20 -49 30 29 38 46 -48 38 -28 48
3 4 5 6 7 10 12 19 20 23:176:-44 -5 -1 44 6 10 19 -42 -49 0
3 5 14 16 19 21 22 23 24 25:473:24 11 19 21 27 -38 14 -50 3 -26
2 3 4 7 9 14 16 17 22 25:432:-46 -35 -39 -38 4 -19 40 49 -29 -46
4 5 9 10 12 16 17 19 20 23:444:-33 -21 10 50 23 4 33 28 -16 38
3 7 10 12 13 15 19 21 23 25:440:37 -4 -44 -48 23 -12 -41 41 -36 -31
2 5 6 9 11 13 15 17 20 21:183:35 -39 -9 35 27 -40 -46 -17 -27 -11
2 3 4 6 8 11 14 17 22 25:200:-7 13 -45 36 -49 46 -34 4 42 -25
2 5 7 12 13 14 18 20 21 24:324:-9 -41 23 -28 8 3 -4 -12 -22 -1
2 3 6 13 16 19 20 21 22 25:120:9 -15 28 7 -50 -47 -5 -43 -26 41
5 6 7 14 16 18 19 22 23 25:134:-24 27 -41 -38 41 40 43 35 9 -39
3 7 8 9 13 15 17 18 20 23:454:13 -18 2 -24 18 4 -38 30 19 41
4 7 8 10 13 14 15 21 23 25:491:9 -44 30 -13 -26 -1 -14 -32 3 -36
3 8 9 10 11 14 17 19 22 23:497:47 12 -41 -33 -33 44 -21 -38 21 44
3 4 5 7 11 12 13 17 19 22:464:-32 -33 -7 -20 -8 -8 -9 -22 -34 11
2 6 7 8 18 20 21 22 23 24:438:43 -39 5 -21 -8 20 -14 14 26 -5
3 6 7 9 11 13 18 22 23 25:291:47 -12 -12 -34 21 47 -38 44 -40 -45
3 4 7 9 15 16 20 23 24 25:177:-27 -15 37 10 -34 -39 12 27 31 -47
2 3 5 7 10 14 16 21 22 24:474:39 34 -47 -44 7 48 1 -9 -15 -46
3 4 7 8 15 16 17 20 23 25:500:-48 2 -22 -34 26 -13 10 15 -40 -12
5 6 9 10 16 17 20 22 23 24:347:-11 15 -16 37 34 22 -47 -15 -7 29
2 3 5 7 13 14 15 16 21 25:465:18 36 -43 -41 -22 34 -37 50 31 34
4 5 7 8 9 12 15 20 24 25:203:-6 -11 20 -12 -9 30 19 15 7 -4
2 3 4 8 12 14 17 18 20 23:293:5 -17 13 41 27 -2 -33 23 22 -14
4 5 6 7 9 10 14 22 24 25:352:-28 -16 42 21 -19 10 -22 29 0 2
2 5 7 8 12 13 14 16 19 23:322:-9 18 48 37 27 -40 -17 43 42 -20
2 5 9 12 14 17 18 20 21 24:248:45 -8 -19 29 -38 -49 -31 29 8 -41
2 8 9 10 11 14 16 18 19 22:458:13 3 31 -50 4 -42 17 27 -20 45
3 4 7 9 10 12 14 15 18 24:352:19 1 40 -47 -34 -17 1 -23 -28 -14
3 4 5 7 12 13 17 18 21 24:239:-12 -21 -44 -45 0 49 27 -17 27 5
2 4 8 13 16 18 19 20 23 24:152:44 -28 2 37 42 -40 12 -13 16 46
2 6 7 8 12 14 18 20 23 24:103:18 37 -36 -45 28 -1 -29 -35 35 -34
4 5 10 11 13 14 15 16 19 24:144:-31 -6 13 -42 -4 1 -3 -21 4 -11
2 3 6 8 9 10 11 13 15 21:304:31 -2 35 -18 -41 32 43 19 39 -37
5 6 9 13 15 17 18 20 21 22:373:34 -29 13 -49 -22 14 -5 -37 37 -46
2 7 8 10 14 17 19 21 22 23:351:30 -37 45 11 -35 -23 47 -36 -19 24
4 6 10 11 13 14 19 21 22 25:409:-14 6 22 -43 25 -6 -4 34 25 35
2 3 5 7 8 14 17 19 20 24:497:16 31 -26 -19 13 -33 -40 -11 20 5
4 5 6 8 9 10 11 12 14 24:214:33 28 -22 -26 -10 33 -27 24 -5 -5
4 5 7 8 10 12 13 18 21 23:474:32 22 8 -47 12 -36 13 -23 -34 49
5 6 7 9 10 12 18 21 23 25:497:-22 -8 -29 45 24 -46 12 -24 17 16
5 7 8 10 11 17 22 23 24 25:206:13 41 -9 -48 -31 -19 -26 -37 32 -6
4 10 13 15 16 17 19 21 23 24:213:12 -3 38 -26 -21 -10 20 16 5 -28
2 7 9 12 13 16 18 19 20 23:286:41 12 -5 -37 34 22 46 39 45 -19
2 3 9 10 11 12 17 20 22 23:386:-17 4 31 47 24 -4 -15 14 -29 48
3 5 9 10 15 17 18 19 21 25:137:42 22 6 -37 11 45 16 22 40 41
3 4 5 9 12 15 17 18 19 23:449:-37 -49 -47 -34 36 -29 -23 15 32 -50
4 5 7 8 9 13 17 19 21 23:340:-26 -21 -34 1 47 15 17 11 -10 -37
2 5 6 7 11 12 18 19 20 22:319:-12 17 20 -16 -21 31 16 -45 22 -7
5 6 7 9 14 19 20 21 24 25:162:8 20 -13 -16 -40 41 35 38 12 16
6 8 9 11 12 18 19 22 24 25:258:34 1 -25 37 12 15 -4 -18 -49 -2
2 5 6 7 10 13 15 16 20 21:358:20 13 25 -19 -43 -49 -32 -48 13 -5
3 7 11 12 13 15 20 21 22 23:420:-1 -29 -48 -13 -48 -44 -13 22 23 -31
2 4 7 11 14 15 16 18 23 25:454:5 0 -35 33 45 44 48 6 40 -31
2 3 4 6 8 9 10 12 15 20:238:-39 23 50 -47 36 -33 47 36 37 -42
4 5 7 8 18 19 20 21 24 25:348:-43 -24 21 11 11 37 48 37 39 -40
6 7 8 10 12 13 17 20 22 24:461:23 10 36 23 -46 -31 45 46 -24 10
2 3 6 10 11 12 16 18 24 25:428:-40 -32 9 43 -24 -11 46 -3 -22 32
2 5 9 10 12 18 19 20 23 25:305:29 -47 13 -22 -4 18 -47 32 45 -49
9 11 12 13 14 15 18 19 24 25:407:-30 12 45 31 -49 -28 4 9 -49 49
5 7 9 12 14 18 21 22 23 25:318:-33 -4 -2 19 -10 -13 4 31 21 47
2 5 6 8 11 16 18 22 24 25:419:-11 50 30 32 -42 17 27 30 -13 23
3 4 5 11 13 17 18 19 21 22:408:16 11 11 -35 27 -14 29 36 -18 14
2 3 6 8 10 13 15 16 21 23:239:36 -15 -44 23 4 45 2 -31 50 48
5 7 10 11 13 16 19 21 23 25:499:10 44 18 50 -27 -49 -38 35 42 42
2 4 9 11 14 15 20 23 24 25:117:-5 0 -24 -13 -16 3 -3 14 -7 15
2 4 8 13 15 16 21 23 24 25:384:-14 9 -3 7 -42 -48 29 -32 38 7
2 4 8 12 15 16 17 19 21 23:439:21 27 -31 7 -36 7 23 -33 -36 -27
2 4 5 6 7 8 11 20 22 24:144:-43 -28 -20 -15 19 -34 37 19 -2 18
2 5 7 9 12 14 19 20 22 25:316:43 -48 38 8 37 -21 19 24 -7 -44
3 5 6 13 14 17 19 23 24 25:160:47 -14 -21 9 22 -23 11 -39 -50 14
2 4 5 6 7 8 10 11 12 18:439:3 42 -30 -46 -36 -16 -29 -49 -31 25
6 7 10 11 12 13 14 16 23 25:490:48 -19 -41 -3 -50 -21 19 16 -20 -3
2 5 6 8 11 12 14 15 16 19:370:-46 -18 -39 47 10 -5 13 -7 -40 -28
2 4 5 7 8 13 15 18 19 20:132:16 -25 47 -31 26 23 1 -50 -42 -50
5 6 7 10 13 16 19 22 23 25:292:45 30 26 -41 -20 -49 -40 -47 17 -31
4 6 7 11 12 14 17 18 19 25:244:20 47 -23 27 -50 -28 -44 -44 -37 6
2 3 5 6 8 9 10 11 17 23:410:13 -50 -7 4 -31 -1 -3 23 -40 20
3 5 8 9 10 12 15 18 22 24:308:-6 -26 33 -7 -27 -8 -22 -35 -10 -27
4 7 11 12 16 17 19 20 21 24:235:46 -3 49 19 -32 48 20 2 -5 45
2 4 9 10 12 15 16 19 22 23:119:33 44 -31 4 45 39 37 -49 0 5
5 7 10 12 14 15 16 18 21 23:331:-34 -30 4 -30 -49 -50 -23 -33 7 50
6 7 9 11 13 14 19 21 22 25:191:14 17 16 -16 42 -28 -34 -39 -9 21
2 3 7 10 12 14 16 17 19 21:106:-32 23 16 40 -39 2 16 13 2 -29
3 6 8 10 12 13 16 19 21 24:179:-34 2 -18 -4 -15 32 -28 -22 22 -49
4 7 8 9 15 18 20 22 23 25:291:-16 -33 -47 -29 -16 12 -45 -3 -45 -2
3 4 5 6 9 13 16 19 21 22:437:-44 -18 -18 -2 -12 -33 -8 16 -4 -38
2 6 12 13 14 16 17 20 22 25:309:34 19 23 -42 31 45 41 -21 -31 19
4 9 11 13 14 15 19 20 22 25:340:3 20 -16 -12 14 -10 48 -42 18 13
7 8 10 11 12 15 16 17 21 25:349:-9 6 5 15 41 -15 10 -46 39 -33
2 4 7 9 11 16 18 20 21 24:267:46 -49 10 7 -41 11 -35 38 -22 8
5 7 11 12 13 14 15 17 18 22:263:6 -23 24 -48 -26 6 -32 -25 -23 43
2 3 4 5 9 13 16 20 24 25:342:-31 -40 21 5 19 -4 2 -21 23 -4
2 4 7 8 11 16 17 20 21 22:483:45 22 -15 50 -7 -46 6 36 -50 -13
3 4 5 9 12 14 15 23 24 25:214:-24 -25 5 11 -3 -40 -30 -40 50 -16
3 4 6 9 10 14 16 21 22 25:498:-50 27 6 17 -21 30 -36 -38 35 -48
4 7 8 9 11 15 17 18 20 21:157:-36 12 -7 -14 19 17 -32 -24 -2 -19
2 3 4 5 6 11 12 13 16 19:486:-8 18 -11 0 -35 -8 24 -13 0 14
6 10 12 16 17 18 20 21 23 24:242:36 -39 21 43 14 -27 16 -6 -25 47
2 7 9 11 19 20 21 22 23 25:454:43 20 -8 -4 -37 -34 38 26 33 40
4 6 9 11 12 13 15 16 17 25:161:9 -18 36 50 26 -34 2 -9 -23 -19
3 4 5 9 11 15 18 21 24 25:187:-21 -21 25 -23 -49 23 -32 49 -20 47
2 3 6 8 15 16 17 18 19 24:473:-14 -31 40 39 -36 -26 18 14 32 24
6 8 9 10 11 12 15 20 22 25:490:5 3 -40 -34 -5 -26 30 36 27 -19
2 6 10 11 13 16 19 22 23 25:326:-24 37 18 25 -24 12 29 44 -32 -17
4 6 9 10 12 15 17 19 24 25:358:21 39 37 -16 13 -20 -26 -28 -28 15
3 5 7 8 10 11 19 20 22 25:229:9 50 45 15 -34 -1 -14 -15 17 -19
3 6 7 8 9 14 18 21 23 25:191:1 0 -25 -41 49 14 34 -41 46 36
3 4 5 12 14 20 21 23 24 25:272:-17 -9 23 -7 -39 -16 -42 -33 38 -26
9 11 15 17 18 19 20 22 24 25:327:49 -50 29 -4 -16 -12 2 13 22 30
4 5 8 9 13 17 18 21 24 25:290:-33 49 28 -2 39 42 -50 44 32 -39
2 4 7 9 10 13 18 20 23 25:463:-16 45 12 27 35 21 3 43 43 -16
3 7 9 13 14 16 18 20 23 24:324:9 46 -40 -48 -45 -27 -40 6 15 41
4 7 9 11 14 15 16 19 23 24:418:-6 -5 -5 35 7 32 -21 26 -17 4
3 6 8 9 11 14 15 17 22 24:197:34 33 -34 -20 -44 -40 30 12 -4 19
4 6 7 10 11 13 15 21 23 24:337:-18 -18 -17 6 11 22 45 12 -21 -16
4 5 6 8 9 17 20 21 22 23:245:26 10 -25 -37 -50 39 14 31 19 -10
5 6 7 8 9 10 17 18 19 21:135:35 -20 27 33 -41 -18 20 -41 -41 -18
2 4 5 8 9 12 14 16 20 21:183:41 -26 16 -11 36 -16 29 25 45 -32
6 7 9 15 16 17 19 22 23 25:211:6 -5 -14 -9 24 39 31 12 40 7
3 4 6 8 14 19 20 21 23 25:462:-19 11 -40 -47 -38 14 -44 -47 38 8
2 3 5 6 9 13 14 16 17 22:332:38 47 50 -5 39 -21 -38 2 42 -8
7 9 11 14 15 16 19 20 21 22:222:19 -26 35 -18 11 -50 35 38 41 19
2 4 5 6 7 9 10 17 18 22:458:-13 10 19 -9 4 20 -33 -36 36 26
2 3 4 8 11 17 19 21 22 24:450:1 40 16 25 1 -18 -46 12 41 -23
6 8 11 12 14 15 18 20 24 25:500:-37 -50 5 -15 17 -11 -17 -14 23 4
4 5 9 10 15 18 20 21 22 25:389:-11 -50 -4 -49 29 30 -37 37 40 44
2 3 8 9 10 13 16 19 24 25:300:50 -28 44 -26 36 -23 -36 -31 -32 -24
2 3 4 5 7 13 15 16 18 25:161:40 9 1 -44 50 20 -13 -1 -50 -9
4 5 7 8 10 14 18 20 22 24:170:43 25 0 -10 -49 27 -34 -30 34 1
3 5 6 11 15 18 20 22 23 25:289:-14 6 -43 -42 -41 -15 20 -44 47 -21
3 5 7 9 15 17 18 21 23 24:327:-25 20 -18 19 -16 30 -34 26 -21 -21
2 4 6 7 10 11 16 17 19 20:278:-46 15 -12 -9 6 35 -33 7 -2 43
3 6 8 9 11 13 15 17 20 23:259:-25 -33 -35 -35 15 19 -19 8 49 -33
2 7 10 11 14 17 19 21 22 24:144:-49 -9 -11 8 0 29 30 -6 23 -22
4 5 7 17 18 19 20 23 24 25:166:46 -48 18 -36 16 -47 -40 -48 -5 27
4 6 8 9 10 11 13 16 18 21:114:-23 24 -8 32 27 -44 -11 -36 -30 21
4 9 10 13 15 16 18 23 24 25:193:-5 -40 41 -13 -46 16 -50 -44 -38 39
3 6 8 15 16 18 20 22 24 25:380:-12 17 -15 25 -34 47 -43 -34 -2 40
2 3 4 5 9 11 13 22 24 25:309:-48 -46 -11 -40 13 34 39 31 24 33
4 6 8 11 12 15 18 20 22 24:147:5 40 -32 -19 13 40 3 -20 11 -22
2 6 8 9 11 12 14 18 21 25:292:-32 13 -30 9 -7 31 47 39 44 -40
2 5 6 9 12 14 15 19 22 25:294:25 -28 -27 15 17 7 24 -31 -38 27
3 9 11 13 14 15 21 23 24 25:190:26 -47 -27 -36 -16 -18 40 15 -37 -43
2 4 5 9 12 17 19 20 23 24:257:-22 -25 -12 -10 28 46 -20 -20 -12 11
10 11 12 13 15 16 17 18 21 24:123:8 -6 28 -17 41 -48 -13 -50 46 -38
2 7 9 10 12 15 18 22 23 24:141:22 34 30 24 49 -1 -17 -13 46 -7
3 7 10 11 12 13 14 15 20 23:350:-20 -37 18 -49 -6 -7 -42 25 5 -29
2 4 5 10 12 14 15 20 21 24:170:17 -18 -24 49 -27 -43 -12 48 -11 17
5 6 7 12 14 19 20 22 23 24:396:24 -47 46 22 -46 -44 -39 -38 25 26
2 4 6 8 9 11 12 16 23 25:152:28 -30 -35 18 36 27 -20 -2 -17 0
3 7 8 9 10 13 14 17 18 19:384:-34 -7 34 28 19 -44 4 -48 -31 31
7 10 12 15 17 18 19 20 21 25:397:-3 5 7 2 23 42 -25 -35 12 -46
4 6 8 10 15 17 19 20 22 23:419:-3 31 47 -39 -36 13 -36 -13 -15 6
3 8 11 13 15 16 17 18 21 25:467:0 13 -43 -7 0 40 21 6 5 -8
2 5 12 14 15 16 17 21 22 25:261:18 -5 -17 24 -23 38 16 -41 -9 -9
5 9 11 14 15 19 21 22 23 24:238:1 41 32 46 -23 45 -31 32 -37 7
4 5 10 11 12 15 19 20 22 23:325:44 -26 37 -46 49 40 -9 -35 0 -27
2 3 6 10 17 18 20 22 24 25:419:31 -25 3 21 -19 -35 39 -39 -23 42
2 3 7 9 10 13 16 19 20 25:263:40 21 -49 6 26 1 7 -4 33 20
2 3 5 8 9 19 20 21 22 23:220:-2 -14 29 48 10 3 39 -27 -34 -5
6 9 10 11 12 17 18 21 22 24:280:-6 5 13 14 16 -13 -1 -22 29 29
4 5 7 9 13 15 17 18 23 24:252:47 42 -34 14 -50 12 -22 33 -7 -24
5 7 10 13 14 16 18 21 23 24:401:38 -13 -15 -42 -1 -8 37 36 47 -15
2 6 7 9 14 15 16 17 22 23:301:26 -46 23 6 39 -43 -4 13 27 -11
2 3 7 12 14 15 17 21 22 24:134:48 -27 34 35 -6 6 50 31 -8 -24
2 4 5 7 9 13 19 21 23 24:236:-17 -25 4 22 -27 37 -42 41 -24 37
3 6 7 10 12 13 17 18 20 22:299:-35 49 -25 1 -30 -25 50 -45 31 37
2 3 5 7 10 13 16 18 21 23:365:-8 45 27 -10 46 -38 25 25 -31 -9
